-8.999999999999999320e-03 4.847366943489760160e+00 -1.799999999999999864e-02 -4.827151044271889901e+00
-8.000000000000000167e-03 4.747017783578489691e+00 -1.600000000000000033e-02 -4.732501029502600431e+00
-7.000000000000000146e-03 4.651686081662769645e+00 -1.400000000000000029e-02 -4.627887855283920437e+00
-6.000000000000000125e-03 4.566389295738190413e+00 -1.200000000000000025e-02 -4.548182579688729632e+00
-5.000000000000000104e-03 4.476075051818040329e+00 -1.000000000000000021e-02 -4.453532564919440162e+00
-4.000000000000000083e-03 4.390778265893460208e+00 -8.000000000000000167e-03 -4.363864129874859721e+00
-3.000000000000000062e-03 4.300464021973310125e+00 -6.000000000000000125e-03 -4.279177274554969657e+00
-2.000000000000000042e-03 4.215167236048730004e+00 -4.000000000000000083e-03 -4.194490419235079592e+00
-1.000000000000000021e-03 4.129870450124140113e+00 -2.000000000000000042e-03 -4.114785143639889675e+00
0.000000000000000000e+00 4.039556206203999800e+00 0.000000000000000000e+00 -4.025116708595310122e+00
1.000000000000000021e-03 3.954259420279409909e+00 2.000000000000000042e-03 -3.940429853275420058e+00
2.000000000000000042e-03 3.878997550345959944e+00 4.000000000000000083e-03 -3.865706157404929844e+00
3.000000000000000062e-03 3.808753138408059957e+00 6.000000000000000125e-03 -3.790982461534440073e+00
4.000000000000000083e-03 3.733491268474609992e+00 8.000000000000000167e-03 -3.716258765663949859e+00
5.000000000000000104e-03 3.658229398541149813e+00 1.000000000000000021e-02 -3.641535069793460089e+00
6.000000000000000125e-03 3.582967528607699847e+00 1.200000000000000025e-02 -3.561829794198270172e+00
7.000000000000000146e-03 3.517740574665369824e+00 1.400000000000000029e-02 -3.497069257777179807e+00
8.000000000000000167e-03 3.442478704731910089e+00 1.600000000000000033e-02 -3.427327141631390184e+00
8.999999999999999320e-03 3.372234292794019872e+00 1.799999999999999864e-02 -3.357585025485609886e+00
1.000000000000000021e-02 3.296972422860560137e+00 2.000000000000000042e-02 -3.287842909339819819e+00
1.099999999999999936e-02 3.231745468918230113e+00 2.199999999999999872e-02 -3.223082372918729899e+00
1.200000000000000025e-02 3.176553430967029801e+00 2.400000000000000050e-02 -3.163303416222329911e+00
1.299999999999999940e-02 3.116343935020270184e+00 2.599999999999999881e-02 -3.098542879801239991e+00
1.400000000000000029e-02 3.051116981077940160e+00 2.800000000000000058e-02 -3.038763923104850218e+00
1.499999999999999944e-02 2.990907485131169885e+00 2.999999999999999889e-02 -2.978984966408460000e+00
1.600000000000000033e-02 2.930697989184409824e+00 3.200000000000000067e-02 -2.919206009712069783e+00
1.700000000000000122e-02 2.875505951233209956e+00 3.400000000000000244e-02 -2.859427053015680009e+00
1.799999999999999864e-02 2.810278997290879932e+00 3.599999999999999728e-02 -2.799648096319289792e+00
1.899999999999999953e-02 2.755086959339680064e+00 3.799999999999999906e-02 -2.739869139622900018e+00
2.000000000000000042e-02 2.694877463392909789e+00 4.000000000000000083e-02 -2.690053342375899881e+00
2.100000000000000130e-02 2.644702883437279883e+00 4.200000000000000261e-02 -2.630274385679510107e+00
2.199999999999999872e-02 2.594528303481640208e+00 4.399999999999999745e-02 -2.585440168157219887e+00
2.299999999999999961e-02 2.549371181521559837e+00 4.599999999999999922e-02 -2.530642791185529816e+00
2.400000000000000050e-02 2.494179143570359969e+00 4.800000000000000100e-02 -2.485808573663229826e+00
2.500000000000000139e-02 2.449022021610289812e+00 5.000000000000000278e-02 -2.435992776416239902e+00
2.599999999999999881e-02 2.398847441654650137e+00 5.199999999999999761e-02 -2.386176979169249979e+00
2.699999999999999969e-02 2.348672861699010017e+00 5.399999999999999939e-02 -2.336361181922260055e+00
2.800000000000000058e-02 2.298498281743380112e+00 5.600000000000000117e-02 -2.291526964399960065e+00
2.900000000000000147e-02 2.248323701787739992e+00 5.800000000000000294e-02 -2.241711167152970141e+00
2.999999999999999889e-02 2.203166579827669835e+00 5.999999999999999778e-02 -2.196876949630679920e+00
3.099999999999999978e-02 2.168044373858720064e+00 6.199999999999999956e-02 -2.152042732108379930e+00
3.200000000000000067e-02 2.122887251898649907e+00 6.400000000000000133e-02 -2.112190094310789856e+00
3.300000000000000155e-02 2.082747587934139943e+00 6.600000000000000311e-02 -2.072337456513199783e+00
3.400000000000000244e-02 2.037590465974060017e+00 6.800000000000000488e-02 -2.027503238990899792e+00
3.500000000000000333e-02 1.997450802009550053e+00 7.000000000000000666e-02 -1.987650601193309940e+00
3.599999999999999728e-02 1.957311138045040089e+00 7.199999999999999456e-02 -1.947797963395710097e+00
3.699999999999999817e-02 1.917171474080529903e+00 7.399999999999999634e-02 -1.907945325598120023e+00
3.799999999999999906e-02 1.872014352120459968e+00 7.599999999999999811e-02 -1.868092687800529950e+00
3.899999999999999994e-02 1.836892146151509975e+00 7.799999999999999989e-02 -1.828240050002930106e+00
4.000000000000000083e-02 1.806787398178129944e+00 8.000000000000000167e-02 -1.798350571654740104e+00
4.100000000000000172e-02 1.771665192209179951e+00 8.200000000000000344e-02 -1.758497933857140039e+00
4.200000000000000261e-02 1.736542986240239950e+00 8.400000000000000522e-02 -1.728608455508950037e+00
4.299999999999999656e-02 1.701420780271289956e+00 8.599999999999999312e-02 -1.693737397436049896e+00
4.399999999999999745e-02 1.671316032297909926e+00 8.799999999999999489e-02 -1.663847919087859895e+00
4.499999999999999833e-02 1.636193826328959933e+00 8.999999999999999667e-02 -1.623995281290260051e+00
4.599999999999999922e-02 1.596054162364449969e+00 9.199999999999999845e-02 -1.594105802942070049e+00
4.700000000000000011e-02 1.560931956395509967e+00 9.400000000000000022e-02 -1.559234744869169909e+00
4.800000000000000100e-02 1.530827208422119945e+00 9.600000000000000200e-02 -1.529345266520979907e+00
4.900000000000000189e-02 1.505739918444310099e+00 9.800000000000000377e-02 -1.494474208448079988e+00
5.000000000000000278e-02 1.475635170470920077e+00 1.000000000000000056e-01 -1.469566309824589911e+00
5.099999999999999672e-02 1.450547880493100017e+00 1.019999999999999934e-01 -1.439676831476389918e+00
5.199999999999999761e-02 1.420443132519719986e+00 1.039999999999999952e-01 -1.409787353128189924e+00
5.299999999999999850e-02 1.390338384546339956e+00 1.059999999999999970e-01 -1.384879454504700069e+00
5.399999999999999939e-02 1.365251094568519896e+00 1.079999999999999988e-01 -1.359971555881200000e+00
5.500000000000000028e-02 1.335146346595140088e+00 1.100000000000000006e-01 -1.330082077533009999e+00
5.600000000000000117e-02 1.300024140626190094e+00 1.120000000000000023e-01 -1.300192599184810005e+00
5.700000000000000205e-02 1.279954308643939997e+00 1.140000000000000041e-01 -1.275284700561309936e+00
5.800000000000000294e-02 1.254867018666119938e+00 1.160000000000000059e-01 -1.245395222213119935e+00
5.899999999999999689e-02 1.234797186683860071e+00 1.179999999999999938e-01 -1.225468903314320013e+00
5.999999999999999778e-02 1.209709896706040011e+00 1.199999999999999956e-01 -1.200561004690829936e+00
6.099999999999999867e-02 1.184622606728229943e+00 1.219999999999999973e-01 -1.175653106067330089e+00
6.199999999999999956e-02 1.159535316750410106e+00 1.239999999999999991e-01 -1.155726787168529945e+00
6.300000000000000044e-02 1.139465484768150016e+00 1.260000000000000009e-01 -1.130818888545040091e+00
6.400000000000000133e-02 1.114378194790329957e+00 1.280000000000000027e-01 -1.105910989921540022e+00
6.500000000000000222e-02 1.089290904812509897e+00 1.300000000000000044e-01 -1.085984671022740100e+00
6.600000000000000311e-02 1.064203614834700051e+00 1.320000000000000062e-01 -1.061076772399250023e+00
6.700000000000000400e-02 1.044133782852439962e+00 1.340000000000000080e-01 -1.041150453500450102e+00
6.800000000000000488e-02 1.029081408865750058e+00 1.360000000000000098e-01 -1.021224134601649958e+00
6.900000000000000577e-02 1.009011576883489969e+00 1.380000000000000115e-01 -1.001297815702860028e+00
7.000000000000000666e-02 9.939592028968039505e-01 1.400000000000000133e-01 -9.863530765287580326e-01
7.099999999999999367e-02 9.688719129189850010e-01 1.419999999999999873e-01 -9.614451779052619607e-01
7.199999999999999456e-02 9.488020809367300190e-01 1.439999999999999891e-01 -9.465004387311639622e-01
7.299999999999999545e-02 9.287322489544750370e-01 1.459999999999999909e-01 -9.265741198323670380e-01
7.399999999999999634e-02 9.086624169722200550e-01 1.479999999999999927e-01 -9.066478009335700028e-01
7.499999999999999722e-02 8.835751269944009945e-01 1.499999999999999944e-01 -8.817399023100730426e-01
7.599999999999999811e-02 8.685227530077099800e-01 1.519999999999999962e-01 -8.717767428606749691e-01
7.699999999999999900e-02 8.534703790210189656e-01 1.539999999999999980e-01 -8.518504239618780449e-01
7.799999999999999989e-02 8.434354630298910305e-01 1.559999999999999998e-01 -8.319241050630810097e-01
7.900000000000000078e-02 8.233656310476360485e-01 1.580000000000000016e-01 -8.169793658889830112e-01
8.000000000000000167e-02 8.083132570609450340e-01 1.600000000000000033e-01 -8.020346267148850128e-01
8.100000000000000255e-02 7.932608830742540196e-01 1.620000000000000051e-01 -7.870898875407870143e-01
8.200000000000000344e-02 7.782085090875630051e-01 1.640000000000000069e-01 -7.721451483666900151e-01
8.300000000000000433e-02 7.581386771053080231e-01 1.660000000000000087e-01 -7.522188294678929799e-01
8.400000000000000522e-02 7.380688451230530411e-01 1.680000000000000104e-01 -7.372740902937949814e-01
8.500000000000000611e-02 7.230164711363610275e-01 1.700000000000000122e-01 -7.223293511196969829e-01
8.599999999999999312e-02 7.079640971496700130e-01 1.719999999999999862e-01 -7.073846119455989845e-01
8.699999999999999400e-02 6.979291811585429661e-01 1.739999999999999880e-01 -6.974214524962010220e-01
8.799999999999999489e-02 6.929117231629789986e-01 1.759999999999999898e-01 -6.824767133221030235e-01
8.899999999999999578e-02 6.778593491762879841e-01 1.779999999999999916e-01 -6.675319741480050251e-01
8.999999999999999667e-02 6.628069751895959705e-01 1.799999999999999933e-01 -6.575688146986069516e-01
9.099999999999999756e-02 6.477546012029049560e-01 1.819999999999999951e-01 -6.426240755245089531e-01
9.199999999999999845e-02 6.377196852117780201e-01 1.839999999999999969e-01 -6.276793363504109546e-01
9.299999999999999933e-02 6.176498532295230381e-01 1.859999999999999987e-01 -6.177161769010129921e-01
9.400000000000000022e-02 6.025974792428310245e-01 1.880000000000000004e-01 -6.027714377269149937e-01
9.500000000000000111e-02 5.875451052561400100e-01 1.900000000000000022e-01 -5.878266985528169952e-01
9.600000000000000200e-02 5.825276472605760425e-01 1.920000000000000040e-01 -5.778635391034190327e-01
9.700000000000000289e-02 5.724927312694489956e-01 1.940000000000000058e-01 -5.728819593787189968e-01
9.800000000000000377e-02 5.624578152783219487e-01 1.960000000000000075e-01 -5.579372202046219975e-01
9.900000000000000466e-02 5.524228992871940136e-01 1.980000000000000093e-01 -5.479740607552230358e-01
1.000000000000000056e-01 5.423879832960669667e-01 2.000000000000000111e-01 -5.330293215811250374e-01
1.010000000000000064e-01 5.323530673049390316e-01 2.020000000000000129e-01 -5.230661621317269638e-01
1.019999999999999934e-01 5.173006933182480171e-01 2.039999999999999869e-01 -5.131030026823280021e-01
1.029999999999999943e-01 5.022483193315570027e-01 2.059999999999999887e-01 -5.031398432329300396e-01
1.039999999999999952e-01 4.922134033404290121e-01 2.079999999999999905e-01 -4.931766837835310224e-01
1.049999999999999961e-01 4.871959453448649890e-01 2.099999999999999922e-01 -4.832135243341330044e-01
1.059999999999999970e-01 4.771610293537379976e-01 2.119999999999999940e-01 -4.732503648847339872e-01
1.069999999999999979e-01 4.671261133626100071e-01 2.139999999999999958e-01 -4.682687851600350060e-01
1.079999999999999988e-01 4.621086553670469832e-01 2.159999999999999976e-01 -4.583056257106359888e-01
1.089999999999999997e-01 4.520737393759189926e-01 2.179999999999999993e-01 -4.483424662612380263e-01
1.100000000000000006e-01 4.420388233847920012e-01 2.200000000000000011e-01 -4.383793068118390091e-01
1.110000000000000014e-01 4.320039073936640106e-01 2.220000000000000029e-01 -4.284161473624409910e-01
1.120000000000000023e-01 4.219689914025370192e-01 2.240000000000000047e-01 -4.184529879130419738e-01
1.130000000000000032e-01 4.069166174158450056e-01 2.260000000000000064e-01 -4.084898284636440113e-01
1.140000000000000041e-01 3.968817014247180142e-01 2.280000000000000082e-01 -4.035082487389449746e-01
1.150000000000000050e-01 3.968817014247180142e-01 2.300000000000000100e-01 -3.935450892895460129e-01
1.160000000000000059e-01 3.968817014247180142e-01 2.320000000000000118e-01 -3.885635095648469761e-01
1.170000000000000068e-01 3.868467854335900236e-01 2.340000000000000135e-01 -3.835819298401469957e-01
1.179999999999999938e-01 3.768118694424629767e-01 2.359999999999999876e-01 -3.786003501154480144e-01
1.189999999999999947e-01 3.717944114468990091e-01 2.379999999999999893e-01 -3.686371906660499964e-01
1.199999999999999956e-01 3.617594954557720177e-01 2.399999999999999911e-01 -3.636556109413500160e-01
1.209999999999999964e-01 3.517245794646440271e-01 2.419999999999999929e-01 -3.536924514919519980e-01
1.219999999999999973e-01 3.366722054779530127e-01 2.439999999999999947e-01 -3.437292920425529807e-01
1.229999999999999982e-01 3.316547474823889896e-01 2.459999999999999964e-01 -3.337661325931550182e-01
1.239999999999999991e-01 3.316547474823889896e-01 2.479999999999999982e-01 -3.287845528684559815e-01
1.250000000000000000e-01 3.316547474823889896e-01 2.500000000000000000e-01 -3.238029731437560010e-01
1.260000000000000009e-01 3.216198314912619982e-01 2.520000000000000018e-01 -3.188213934190570198e-01
1.270000000000000018e-01 3.166023734956979752e-01 2.540000000000000036e-01 -3.138398136943579830e-01
1.280000000000000027e-01 3.065674575045699846e-01 2.560000000000000053e-01 -3.038766542449590213e-01
1.290000000000000036e-01 3.065674575045699846e-01 2.580000000000000071e-01 -2.988950745202599846e-01
1.300000000000000044e-01 2.965325415134429932e-01 2.600000000000000089e-01 -2.939134947955610033e-01
1.310000000000000053e-01 2.864976255223160018e-01 2.620000000000000107e-01 -2.839503353461619861e-01
1.320000000000000062e-01 2.764627095311880112e-01 2.640000000000000124e-01 -2.839503353461619861e-01
1.330000000000000071e-01 2.714452515356239881e-01 2.660000000000000142e-01 -2.739871758967640236e-01
1.340000000000000080e-01 2.714452515356239881e-01 2.680000000000000160e-01 -2.690055961720649869e-01
1.350000000000000089e-01 2.664277935400610198e-01 2.700000000000000178e-01 -2.690055961720649869e-01
1.360000000000000098e-01 2.664277935400610198e-01 2.720000000000000195e-01 -2.590424367226660252e-01
1.370000000000000107e-01 2.563928775489329737e-01 2.740000000000000213e-01 -2.590424367226660252e-01
1.380000000000000115e-01 2.513754195533690061e-01 2.760000000000000231e-01 -2.490792772732680072e-01
1.390000000000000124e-01 2.513754195533690061e-01 2.780000000000000249e-01 -2.440976975485679989e-01
1.400000000000000133e-01 2.363230455666779917e-01 2.800000000000000266e-01 -2.391161178238689899e-01
1.409999999999999865e-01 2.313055875711139964e-01 2.819999999999999729e-01 -2.291529583744700005e-01
1.419999999999999873e-01 2.262881295755510003e-01 2.839999999999999747e-01 -2.241713786497709915e-01
1.429999999999999882e-01 2.262881295755510003e-01 2.859999999999999765e-01 -2.241713786497709915e-01
1.439999999999999891e-01 2.262881295755510003e-01 2.879999999999999782e-01 -2.191897989250720102e-01
1.449999999999999900e-01 2.212706715799870050e-01 2.899999999999999800e-01 -2.191897989250720102e-01
1.459999999999999909e-01 2.162532135844230097e-01 2.919999999999999818e-01 -2.142082192003730012e-01
1.469999999999999918e-01 2.112357555888589866e-01 2.939999999999999836e-01 -2.092266394756729930e-01
1.479999999999999927e-01 2.062182975932959905e-01 2.959999999999999853e-01 -2.042450597509740118e-01
1.489999999999999936e-01 2.012008395977319952e-01 2.979999999999999871e-01 -1.992634800262750028e-01
1.499999999999999944e-01 1.961833816021679999e-01 2.999999999999999889e-01 -1.942819003015759938e-01
1.509999999999999953e-01 1.911659236066040046e-01 3.019999999999999907e-01 -1.893003205768760133e-01
1.519999999999999962e-01 1.861484656110410085e-01 3.039999999999999925e-01 -1.843187408521770043e-01
1.529999999999999971e-01 1.911659236066040046e-01 3.059999999999999942e-01 -1.843187408521770043e-01
1.539999999999999980e-01 1.811310076154770132e-01 3.079999999999999960e-01 -1.793371611274779953e-01
1.549999999999999989e-01 1.811310076154770132e-01 3.099999999999999978e-01 -1.793371611274779953e-01
1.559999999999999998e-01 1.761135496199129902e-01 3.119999999999999996e-01 -1.743555814027789863e-01
1.570000000000000007e-01 1.761135496199129902e-01 3.140000000000000013e-01 -1.693740016780790059e-01
1.580000000000000016e-01 1.710960916243489949e-01 3.160000000000000031e-01 -1.643924219533799969e-01
1.590000000000000024e-01 1.610611756332220035e-01 3.180000000000000049e-01 -1.594108422286809879e-01
1.600000000000000033e-01 1.560437176376580082e-01 3.200000000000000067e-01 -1.544292625039820066e-01
1.610000000000000042e-01 1.510262596420940129e-01 3.220000000000000084e-01 -1.494476827792819984e-01
1.620000000000000051e-01 1.560437176376580082e-01 3.240000000000000102e-01 -1.494476827792819984e-01
1.630000000000000060e-01 1.560437176376580082e-01 3.260000000000000120e-01 -1.494476827792819984e-01
1.640000000000000069e-01 1.510262596420940129e-01 3.280000000000000138e-01 -1.494476827792819984e-01
1.650000000000000078e-01 1.510262596420940129e-01 3.300000000000000155e-01 -1.444661030545829894e-01
1.660000000000000087e-01 1.460088016465309890e-01 3.320000000000000173e-01 -1.444661030545829894e-01
1.670000000000000095e-01 1.460088016465309890e-01 3.340000000000000191e-01 -1.394845233298840081e-01
1.680000000000000104e-01 1.359738856554029984e-01 3.360000000000000209e-01 -1.345029436051849991e-01
1.690000000000000113e-01 1.309564276598390031e-01 3.380000000000000226e-01 -1.295213638804849909e-01
1.700000000000000122e-01 1.259389696642760070e-01 3.400000000000000244e-01 -1.245397841557859958e-01
1.710000000000000131e-01 1.309564276598390031e-01 3.420000000000000262e-01 -1.345029436051849991e-01
1.719999999999999862e-01 1.309564276598390031e-01 3.439999999999999725e-01 -1.245397841557859958e-01
1.729999999999999871e-01 1.259389696642760070e-01 3.459999999999999742e-01 -1.195582044310870007e-01
1.739999999999999880e-01 1.209215116687119979e-01 3.479999999999999760e-01 -1.245397841557859958e-01
1.749999999999999889e-01 1.259389696642760070e-01 3.499999999999999778e-01 -1.195582044310870007e-01
1.759999999999999898e-01 1.259389696642760070e-01 3.519999999999999796e-01 -1.145766247063880056e-01
1.769999999999999907e-01 1.159040536731480026e-01 3.539999999999999813e-01 -1.145766247063880056e-01
1.779999999999999916e-01 1.108865956775839934e-01 3.559999999999999831e-01 -1.095950449816879974e-01
1.789999999999999925e-01 1.008516796864570020e-01 3.579999999999999849e-01 -1.046134652569890022e-01
1.799999999999999933e-01 1.058691376820209973e-01 3.599999999999999867e-01 -1.046134652569890022e-01
1.809999999999999942e-01 1.058691376820209973e-01 3.619999999999999885e-01 -1.046134652569890022e-01
1.819999999999999951e-01 1.058691376820209973e-01 3.639999999999999902e-01 -9.963188553228970179e-02
1.829999999999999960e-01 1.058691376820209973e-01 3.659999999999999920e-01 -1.046134652569890022e-01
1.839999999999999969e-01 1.008516796864570020e-01 3.679999999999999938e-01 -9.963188553228970179e-02
1.849999999999999978e-01 1.008516796864570020e-01 3.699999999999999956e-01 -9.963188553228970179e-02
1.859999999999999987e-01 1.008516796864570020e-01 3.719999999999999973e-01 -9.465030580759049850e-02
1.869999999999999996e-01 9.583422169089320097e-02 3.739999999999999991e-01 -8.966872608289119806e-02
1.880000000000000004e-01 8.579930569976569610e-02 3.760000000000000009e-01 -8.468714635819199477e-02
1.890000000000000013e-01 8.579930569976569610e-02 3.780000000000000027e-01 -8.468714635819199477e-02
1.900000000000000022e-01 8.579930569976569610e-02 3.800000000000000044e-01 -8.966872608289119806e-02
1.910000000000000031e-01 8.579930569976569610e-02 3.820000000000000062e-01 -8.468714635819199477e-02
1.920000000000000040e-01 9.081676369532939996e-02 3.840000000000000080e-01 -8.468714635819199477e-02
1.930000000000000049e-01 8.579930569976569610e-02 3.860000000000000098e-01 -8.468714635819199477e-02
1.940000000000000058e-01 8.579930569976569610e-02 3.880000000000000115e-01 -7.970556663349269433e-02
1.950000000000000067e-01 8.579930569976569610e-02 3.900000000000000133e-01 -7.970556663349269433e-02
1.960000000000000075e-01 7.576438970863820510e-02 3.920000000000000151e-01 -7.472398690879339389e-02
1.970000000000000084e-01 7.576438970863820510e-02 3.940000000000000169e-01 -7.472398690879339389e-02
1.980000000000000093e-01 6.572947371751070023e-02 3.960000000000000187e-01 -6.974240718409420448e-02
1.990000000000000102e-01 7.074693171307440409e-02 3.980000000000000204e-01 -6.974240718409420448e-02
2.000000000000000111e-01 7.074693171307440409e-02 4.000000000000000222e-01 -7.472398690879339389e-02
2.010000000000000120e-01 7.576438970863820510e-02 4.020000000000000240e-01 -6.974240718409420448e-02
2.020000000000000129e-01 7.576438970863820510e-02 4.040000000000000258e-01 -6.974240718409420448e-02
2.030000000000000138e-01 7.074693171307440409e-02 4.060000000000000275e-01 -6.974240718409420448e-02
2.039999999999999869e-01 7.074693171307440409e-02 4.079999999999999738e-01 -6.476082745939490404e-02
2.049999999999999878e-01 6.572947371751070023e-02 4.099999999999999756e-01 -6.476082745939490404e-02
2.059999999999999887e-01 6.071201572194700330e-02 4.119999999999999774e-01 -5.977924773469570074e-02
2.069999999999999896e-01 5.569455772638320229e-02 4.139999999999999791e-01 -5.977924773469570074e-02
2.079999999999999905e-01 5.067709973081949842e-02 4.159999999999999809e-01 -5.479766800999640031e-02
2.089999999999999913e-01 6.071201572194700330e-02 4.179999999999999827e-01 -5.977924773469570074e-02
2.099999999999999922e-01 6.071201572194700330e-02 4.199999999999999845e-01 -5.977924773469570074e-02
2.109999999999999931e-01 6.071201572194700330e-02 4.219999999999999862e-01 -5.977924773469570074e-02
2.119999999999999940e-01 6.071201572194700330e-02 4.239999999999999880e-01 -5.977924773469570074e-02
2.129999999999999949e-01 6.071201572194700330e-02 4.259999999999999898e-01 -5.479766800999640031e-02
2.139999999999999958e-01 5.569455772638320229e-02 4.279999999999999916e-01 -5.479766800999640031e-02
2.149999999999999967e-01 5.569455772638320229e-02 4.299999999999999933e-01 -5.479766800999640031e-02
2.159999999999999976e-01 4.565964173525569741e-02 4.319999999999999951e-01 -4.981608828529719701e-02
2.169999999999999984e-01 4.565964173525569741e-02 4.339999999999999969e-01 -4.483450856059789658e-02
2.179999999999999993e-01 5.067709973081949842e-02 4.359999999999999987e-01 -4.981608828529719701e-02
2.190000000000000002e-01 5.067709973081949842e-02 4.380000000000000004e-01 -4.981608828529719701e-02
2.200000000000000011e-01 5.067709973081949842e-02 4.400000000000000022e-01 -4.981608828529719701e-02
2.210000000000000020e-01 5.067709973081949842e-02 4.420000000000000040e-01 -4.981608828529719701e-02
2.220000000000000029e-01 5.067709973081949842e-02 4.440000000000000058e-01 -4.981608828529719701e-02
2.230000000000000038e-01 4.565964173525569741e-02 4.460000000000000075e-01 -4.483450856059789658e-02
2.240000000000000047e-01 4.565964173525569741e-02 4.480000000000000093e-01 -4.483450856059789658e-02
